1268139860554795776 49.0113716292 8.3642036401 115.8571701050 -4913.8186204098 -1208.8158587134 115.8571701050 -0.0417560000 2.0756449215 -0.0735916732 
1268139860656664320 49.0113707218 8.3642208640 115.8716583252 -4912.5599617088 -1208.9272795338 115.8716583252 -0.0412400000 2.0756549215 -0.0723026732 
1268139860766353408 49.0113697591 8.3642397954 115.8946380615 -4911.1764934013 -1209.0458949450 115.8946380615 -0.0404520000 2.0745499215 -0.0709696732 
1268139860868398592 49.0113689106 8.3642569597 115.9125061035 -4909.9221445107 -1209.1507313177 115.9125061035 -0.0390020000 2.0740349215 -0.0704916732 
1268139860977422336 49.0113679800 8.3642757881 115.9287490845 -4908.5461733644 -1209.2657175828 115.9287490845 -0.0378950000 2.0744809215 -0.0705556732 
1268139861079384576 49.0113671321 8.3642928098 115.9396286011 -4907.3022467010 -1209.3703949526 115.9396286011 -0.0380550000 2.0749349215 -0.0706146732 
1268139861185580800 49.0113661677 8.3643114692 115.9484481812 -4905.9386710915 -1209.4890319761 115.9484481812 -0.0381470000 2.0741589215 -0.0705216732 
1268139861294811648 49.0113652170 8.3643300619 115.9592895508 -4904.5799667483 -1209.6061000247 115.9592895508 -0.0367570000 2.0729899215 -0.0704746732 
1268139861396967936 49.0113643524 8.3643468881 115.9733047485 -4903.3503463424 -1209.7125171497 115.9733047485 -0.0350880000 2.0730009215 -0.0705286732 
1268139861502929408 49.0113634336 8.3643653061 115.9935073853 -4902.0043860279 -1209.8259336418 115.9935073853 -0.0327370000 2.0745599215 -0.0709026732 
1268139861608419072 49.0113625893 8.3643819817 116.0136413574 -4900.7857631863 -1209.9300007680 116.0136413574 -0.0313110000 2.0766669215 -0.0710736732 
1268139861714567168 49.0113616597 8.3644002828 116.0336074829 -4899.4483505975 -1210.0445476742 116.0336074829 -0.0314040000 2.0767289215 -0.0711626732 
1268139861823413504 49.0113607214 8.3644185412 116.0472946167 -4898.1140786905 -1210.1600284902 116.0472946167 -0.0320930000 2.0743819215 -0.0711016732 
1268139861926034432 49.0113598824 8.3644350889 116.0595397949 -4896.9048057828 -1210.2634386681 116.0595397949 -0.0310260000 2.0724479215 -0.0712066732 
1268139862035164672 49.0113589750 8.3644532151 116.0837097168 -4895.5801621349 -1210.3754065149 116.0837097168 -0.0300410000 -0.0009770000 -0.0712526732 
1268139862137251328 49.0113581397 8.3644696037 116.1072387695 -4894.3825194817 -1210.4782922985 116.1072387695 -0.0299850000 2.0734479215 -0.0713636732 
1268139862246673664 49.0113572214 8.3644875508 116.1361083984 -4893.0709899390 -1210.5913617061 116.1361083984 -0.0290800000 2.0777279215 -0.0713346732 
1268139862349024512 49.0113564123 8.3645038376 116.1549453735 -4891.8807628441 -1210.6912738793 116.1549453735 -0.0308980000 2.0796179215 -0.0712786732 
1268139862454539520 49.0113555041 8.3645217175 116.1685333252 -4890.5741372899 -1210.8031823840 116.1685333252 -0.0319970000 2.0799379215 -0.0713016732 
1268139862561068288 49.0113546892 8.3645379243 116.1717987061 -4889.3897697661 -1210.9036926785 116.1717987061 -0.0325270000 2.0805539215 -0.0713496732 
1268139862664727040 49.0113537558 8.3645557549 116.1707916260 -4888.0867679906 -1211.0183673641 116.1707916260 -0.0331570000 2.0806939215 -0.0710946732 
1268139862775105024 49.0113528348 8.3645735374 116.1727523804 -4886.7872747487 -1211.1316450303 116.1727523804 -0.0326140000 2.0801839215 -0.0707826732 
1268139862877767936 49.0113520178 8.3645895668 116.1745147705 -4885.6158818499 -1211.2322806502 116.1745147705 -0.0321650000 2.0802379215 -0.0707466732 
1268139862984818688 49.0113511160 8.3646070784 116.1763229370 -4884.3361863948 -1211.3432473717 116.1763229370 -0.0316440000 2.0798959215 -0.0705806732 
1268139863089206016 49.0113503139 8.3646228492 116.1813583374 -4883.1836835225 -1211.4420661097 116.1813583374 -0.0315460000 2.0789909215 -0.0705206732 
1268139863194079744 49.0113494193 8.3646400014 116.1826553345 -4881.9302586707 -1211.5520067886 116.1826553345 -0.0310890000 2.0779029215 -0.0699686732 
1268139863301894912 49.0113485600 8.3646569497 116.1857147217 -4880.6917113711 -1211.6579125738 116.1857147217 -0.0306410000 2.0784929215 -0.0697196732 
1268139863406469888 49.0113477832 8.3646721694 116.1927947998 -4879.5794877200 -1211.7535793744 116.1927947998 -0.0300160000 2.0806729215 -0.0696196732 
1268139863512692224 49.0113469548 8.3646886999 116.1994018555 -4878.3714612600 -1211.8557872446 116.1994018555 -0.0290030000 2.0824149215 -0.0695626732 
1268139863617834752 49.0113462000 8.3647034903 116.1991729736 -4877.2906113162 -1211.9487411249 116.1991729736 -0.0290130000 2.0826129215 -0.0694196732 
1268139863724087552 49.0113453833 8.3647194818 116.2014694214 -4876.1219835871 -1212.0493223919 116.2014694214 -0.0278950000 2.0836509215 -0.0692346732 
1268139863830773248 49.0113446646 8.3647338090 116.2094497681 -4875.0749733245 -1212.1379869385 116.2094497681 -0.0292520000 2.0856239215 -0.0691556732 
1268139863935453696 49.0113438875 8.3647493930 116.2135848999 -4873.9361153353 -1212.2339000404 116.2135848999 -0.0307720000 2.0865749215 -0.0686756732 
1268139864044935168 49.0113430986 8.3647648170 116.2150497437 -4872.8089603027 -1212.3310416434 116.2150497437 -0.0297210000 2.0836769215 -0.0679766732 
1268139864146884096 49.0113423989 8.3647786537 116.2140426636 -4871.7977994593 -1212.4172925269 116.2140426636 -0.0303170000 2.0798299215 -0.0672006732 
1268139864253267968 49.0113416472 8.3647936018 116.2195281982 -4870.7054125335 -1212.5100049367 116.2195281982 -0.0288750000 2.0787729215 -0.0659806732 
1268139864358579200 49.0113410077 8.3648069692 116.2263412476 -4869.7285160800 -1212.5892781587 116.2263412476 -0.0285150000 2.0790989215 -0.0646626732 
1268139864464645120 49.0113403159 8.3648213875 116.2305221558 -4868.6748167014 -1212.6750033684 116.2305221558 -0.0286390000 2.0794089215 -0.0620066732 
1268139864573790208 49.0113396694 8.3648355214 116.2371826172 -4867.6418717438 -1212.7555206819 116.2371826172 -0.0300500000 2.0806709215 -0.0592586732 
1268139864674842880 49.0113390939 8.3648481298 116.2477188110 -4866.7204169297 -1212.8272043867 116.2477188110 -0.0301000000 2.0820669215 -0.0564356732 
1268139864782634496 49.0113385014 8.3648617855 116.2465209961 -4865.7223871544 -1212.9014276061 116.2465209961 -0.0330300000 2.0836649215 -0.0537236732 
1268139864887237632 49.0113380122 8.3648740018 116.2479019165 -4864.8295234644 -1212.9632860590 116.2479019165 -0.0332280000 2.0843529215 -0.0512416732 
1268139864997047040 49.0113375325 8.3648872518 116.2518615723 -4863.8610566333 -1213.0247165319 116.2518615723 -0.0336400000 2.0818949215 -0.0491016732 
1268139865098678272 49.0113370902 8.3648990997 116.2543640137 -4862.9950875590 -1213.0811408767 116.2543640137 -0.0321480000 2.0779149215 -0.0470076732 
1268139865206898944 49.0113366338 8.3649119179 116.2588653564 -4862.0581815700 -1213.1397094000 116.2588653564 -0.0308800000 -0.0006270000 -0.0448196732 
1268139865314661888 49.0113361938 8.3649245150 116.2775039673 -4861.1374211276 -1213.1963358195 116.2775039673 -0.0286220000 -0.0042740000 -0.0426296732 
1268139865416497408 49.0113358350 8.3649357857 116.2984085083 -4860.3135834329 -1213.2431111811 116.2984085083 -0.0281350000 -0.0055140000 -0.0408596732 
1268139865525822464 49.0113355017 8.3649479073 116.3253631592 -4859.4274966250 -1213.2875815677 116.3253631592 -0.0271940000 2.0738269215 -0.0388316732 
1268139865627687424 49.0113352047 8.3649587348 116.3512954712 -4858.6360104113 -1213.3272208022 116.3512954712 -0.0279060000 2.0812989215 -0.0369726732 
1268139865734441728 49.0113348424 8.3649705298 116.3651962280 -4857.7738348503 -1213.3747166246 116.3651962280 -0.0290740000 2.0828139215 -0.0350766732 
1268139865839354624 49.0113345009 8.3649810854 116.3757705688 -4857.0022711672 -1213.4191408837 116.3757705688 -0.0294350000 2.0807859215 -0.0342356732 
1268139865945667840 49.0113341620 8.3649925268 116.3754806519 -4856.1659298135 -1213.4638067456 116.3754806519 -0.0290890000 2.0796199215 -0.0351106732 
1268139866051334912 49.0113337850 8.3650037708 116.3766632080 -4855.3440588748 -1213.5125992456 116.3766632080 -0.0277090000 2.0786399215 -0.0378846732 
1268139866156893184 49.0113334463 8.3650138080 116.3815841675 -4854.6103986065 -1213.5563850990 116.3815841675 -0.0285480000 2.0789519215 -0.0417126732 
1268139866262883328 49.0113330028 8.3650246358 116.3885879517 -4853.8190263248 -1213.6123111211 116.3885879517 -0.0303720000 2.0812179215 -0.0459486732 
1268139866368699136 49.0113325936 8.3650343194 116.3946075439 -4853.1112934557 -1213.6637238460 116.3946075439 -0.0308780000 2.0858039215 -0.0495576732 
1268139866474577920 49.0113321079 8.3650447131 116.4052734375 -4852.3516998009 -1213.7240784513 116.4052734375 -0.0311300000 2.0917319215 -0.0540646732 
1268139866580345344 49.0113316508 8.3650540061 116.4150619507 -4851.6725741855 -1213.7805789486 116.4150619507 -0.0294680000 2.0923419215 -0.0586856732 
1268139866686031872 49.0113311279 8.3650639757 116.4199600220 -4850.9440296681 -1213.8448019428 116.4199600220 -0.0265610000 2.0879089215 -0.0657686732 
1268139866791966208 49.0113305867 8.3650737003 116.4054641724 -4850.2334130264 -1213.9109109286 116.4054641724 -0.0236790000 2.0836139215 -0.0762836732 
1268139866897973248 49.0113300620 8.3650822799 116.4111175537 -4849.6065147740 -1213.9744849354 116.4111175537 -0.0221990000 2.0841239215 -0.0893906732 
1268139867004064768 49.0113294519 8.3650914407 116.4276351929 -4848.9371997860 -1214.0479101799 116.4276351929 -0.0209720000 2.0876279215 -0.1073056732 
1268139867110225152 49.0113288506 8.3650995597 116.4413757324 -4848.3440528028 -1214.1197247738 116.4413757324 -0.0206000000 2.0897019215 -0.1264526732 
1268139867215952896 49.0113280837 8.3651082703 116.4538116455 -4847.7078004724 -1214.2103009261 116.4538116455 -0.0224280000 2.0897499215 -0.1501136732 
1268139867325402368 49.0113271397 8.3651167456 116.4571762085 -4847.0889213238 -1214.3204250513 116.4571762085 -0.0240200000 2.0875469215 -0.1764836732 
1268139867427804416 49.0113261617 8.3651242282 116.4617004395 -4846.5426651176 -1214.4337266302 116.4617004395 -0.0247660000 2.0857919215 -0.2042016732 
1268139867537902336 49.0113249561 8.3651322492 116.4660110474 -4845.9572436210 -1214.5726494277 116.4660110474 -0.0249760000 2.0855039215 -0.2383016732 
1268139867640004352 49.0113237073 8.3651392964 116.4734497070 -4845.4430755703 -1214.7157766242 116.4734497070 -0.0247960000 2.0862379215 -0.2709146732 
1268139867745880832 49.0113221953 8.3651468818 116.4738006592 -4844.8897971790 -1214.8884997508 116.4738006592 -0.0256430000 2.0869779215 -0.3091766732 
1268139867855768320 49.0113204927 8.3651542808 116.4763793945 -4844.3503296325 -1215.0822909120 116.4763793945 -0.0251490000 2.0876219215 -0.3508376732 
1268139867958464256 49.0113188035 8.3651608512 116.4719314575 -4843.8714321032 -1215.2740966724 116.4719314575 -0.0247340000 2.0877449215 -0.3914756732 
1268139868064708352 49.0113167210 8.3651678763 116.4653320312 -4843.3596560278 -1215.5098915305 116.4653320312 -0.0240570000 2.0874349215 -0.4365476732 
1268139868170819840 49.0113144500 8.3651747321 116.4649887085 -4842.8604342009 -1215.7665433250 116.4649887085 -0.0235070000 2.0878139215 -0.4811886732 
1268139868276208640 49.0113121920 8.3651808136 116.4627075195 -4842.4178258450 -1216.0212623477 116.4627075195 -0.0213780000 2.0886289215 -0.5214436732 
1268139868384842496 49.0113095606 8.3651873129 116.4516830444 -4841.9450080412 -1216.3177550836 116.4516830444 -0.0198920000 2.0885589215 -0.5665816732 
1268139868488262912 49.0113070288 8.3651930417 116.4429702759 -4841.5284417041 -1216.6027116925 116.4429702759 -0.0170070000 2.0865879215 -0.6085626732 
1268139868598143744 49.0113040700 8.3651991111 116.4368362427 -4841.0873686011 -1216.9353406159 116.4368362427 -0.0141070000 2.0855469215 -0.6557776732 
1268139868700608000 49.0113009138 8.3652049188 116.4356536865 -4840.6656066990 -1217.2897480791 116.4356536865 -0.0139120000 2.0848969215 -0.7033766732 
1268139868805747200 49.0112979264 8.3652099017 116.4289093018 -4840.3040081362 -1217.6248826683 116.4289093018 -0.0154280000 2.0853779215 -0.7466966732 
1268139868912705280 49.0112944860 8.3652151638 116.4255218506 -4839.9224165678 -1218.0105515961 116.4255218506 -0.0190710000 2.0890369215 -0.7940486732 
1268139869017586688 49.0112912121 8.3652196606 116.4376525879 -4839.5966299374 -1218.3772407575 116.4376525879 -0.0184840000 2.0921259215 -0.8372096732 
1268139869127132160 49.0112875022 8.3652244072 116.4398117065 -4839.2529815948 -1218.7925531138 116.4398117065 -0.0164580000 2.0923279215 -0.8858176732 
1268139869229396736 49.0112839924 8.3652283873 116.4383544922 -4838.9652015624 -1219.1851564497 116.4383544922 -0.0131740000 2.0931209215 -0.9303146732 
1268139869335860992 49.0112800485 8.3652325272 116.4325103760 -4838.6661345146 -1219.6261158800 116.4325103760 -0.0119810000 2.0912119215 -0.9797806732 
1268139869441088000 49.0112759523 8.3652364048 116.4097976685 -4838.3863879011 -1220.0838351790 116.4097976685 -0.0166130000 2.0870579215 -1.0296766732 
1268139869547217664 49.0112721056 8.3652396217 116.3983612061 -4838.1547287886 -1220.5134154297 116.3983612061 -0.0231520000 2.0846229215 -1.0746156732 
1268139869654646528 49.0112677372 8.3652427818 116.3945159912 -4837.9277051847 -1221.0009610411 116.3945159912 -0.0265540000 2.0824949215 -1.1245446732 
1268139869758845696 49.0112637041 8.3652454200 116.3908843994 -4837.7385343141 -1221.4509165892 116.3908843994 -0.0247520000 2.0796189215 -1.1705246732 
1268139869865180672 49.0112591857 8.3652479766 116.3908538818 -4837.5557816255 -1221.9547568457 116.3908538818 -0.0224140000 2.0781769215 -1.2206736732 
1268139869970758656 49.0112545977 8.3652501916 116.3983078003 -4837.3980774073 -1222.4661347969 116.3983078003 -0.0228560000 2.0786819215 -1.2700606732 
1268139870079567616 49.0112503214 8.3652519265 116.3974456787 -4837.2751893917 -1222.9425780568 116.3974456787 -0.0283900000 2.0779679215 -1.3138026732 
1268139870182275584 49.0112455373 8.3652534754 116.4026641846 -4837.1663694039 -1223.4753449066 116.4026641846 -0.0323410000 2.0789969215 -1.3603676732 
1268139870288080640 49.0112411670 8.3652546321 116.4112167358 -4837.0858477418 -1223.9618722033 116.4112167358 -0.0307660000 2.0827499215 -1.4006456732 
1268139870395131392 49.0112363264 8.3652556213 116.4263305664 -4837.0180121785 -1224.5005829763 116.4263305664 -0.0253260000 2.0873279215 -1.4418756732 
1268139870499679488 49.0112318397 8.3652562933 116.4356231689 -4836.9730473165 -1224.9997537080 116.4356231689 -0.0239400000 2.0888209215 -1.4778426732 
1268139870609032192 49.0112268379 8.3652567363 116.4429321289 -4836.9452993679 -1225.5560449483 116.4429321289 -0.0256570000 2.0896989215 -1.5156796732 
1268139870711424768 49.0112217006 8.3652568987 116.4427185059 -4836.9382001455 -1226.1272305883 116.4427185059 -0.0262410000 2.0890399215 -1.5495216732 
1268139870821036032 49.0112164612 8.3652567703 116.4421920776 -4836.9524632253 -1226.7095940784 116.4421920776 -0.0258060000 2.0869169215 0.4943419412 
1268139870922678528 49.0112116067 8.3652565008 116.4400482178 -4836.9766792361 -1227.2490749275 116.4400482178 -0.0258060000 2.0862819215 0.4735959412 
1268139871028235776 49.0112067122 8.3652560307 116.4457855225 -4837.0156099219 -1227.7928827787 116.4457855225 -0.0287290000 2.0865569215 0.4585119412 
1268139871137686272 49.0112011995 8.3652554190 116.4442825317 -4837.0654648917 -1228.4053186188 116.4442825317 -0.0327960000 2.0846709215 0.4479899412 
1268139871239280384 49.0111961532 8.3652547553 116.4481430054 -4837.1186893732 -1228.9658910772 116.4481430054 -0.0338670000 2.0845709215 0.4419279412 
1268139871348904960 49.0111904792 8.3652540695 116.4390182495 -4837.1741121376 -1229.5962156029 116.4390182495 -0.0329260000 2.0851729215 0.4392339412 
1268139871451060992 49.0111846965 8.3652533430 116.4318542480 -4837.2326167540 -1230.2386043938 116.4318542480 -0.0318420000 2.0861849215 0.4397899412 
1268139871559972608 49.0111787645 8.3652526304 116.4224929810 -4837.2902394681 -1230.8975891992 116.4224929810 -0.0296110000 2.0851729215 0.4406579412 
1268139871661592320 49.0111732232 8.3652520124 116.4123153687 -4837.3405800312 -1231.5132115697 116.4123153687 -0.0280040000 2.0827829215 0.4407199412 
1268139871769351936 49.0111675627 8.3652513884 116.4017410278 -4837.3914728386 -1232.1420720592 116.4017410278 -0.0277960000 2.0804639215 0.4409509412 
1268139871876867072 49.0111612004 8.3652506866 116.3917846680 -4837.4487043768 -1232.8489094805 116.3917846680 -0.0285120000 2.0795199215 0.4414149412 
1268139871978516736 49.0111552853 8.3652500516 116.3848648071 -4837.5006399039 -1233.5060704947 116.3848648071 -0.0283390000 2.0794599215 0.4414449412 
1268139872085374208 49.0111486346 8.3652493512 116.3796463013 -4837.5580404541 -1234.2449592799 116.3796463013 -0.0294390000 2.0798389215 0.4421419412 
1268139872189848832 49.0111418275 8.3652486405 116.3735885620 -4837.6163412784 -1235.0012323242 116.3735885620 -0.0313810000 2.0794739215 0.4445509412 
1268139872298442496 49.0111354880 8.3652480061 116.3671340942 -4837.6686264576 -1235.7055799915 116.3671340942 -0.0316050000 2.0781829215 0.4472499412 
